Steps: 500	loss: 3.80079	acc: 0.11094	ppl: 44.73630	LR: 0.00030000	*
Steps: 1000	loss: 3.42586	acc: 0.15695	ppl: 30.74893	LR: 0.00030000	*
Steps: 1500	loss: 3.26993	acc: 0.18073	ppl: 26.30938	LR: 0.00030000	*
